0.000000000000000000e+00 -3.524027442701432866e-02
6.006006006006005954e-03 -9.512260070494420183e-02
1.201201201201201191e-02 2.453241895222431912e-01
1.801801801801801786e-02 5.178766594476232055e-02
2.402402402402402382e-02 -7.587100961013212852e-02
3.003003003003002977e-02 1.044048417132873996e-01
3.603603603603603572e-02 1.532493041636926734e-01
4.204204204204203821e-02 6.853074266412126359e-02
4.804804804804804763e-02 3.532293549253862075e-02
5.405405405405405705e-02 1.396435216088919018e-01
6.006006006006005954e-02 2.510525047014468270e-03
6.606606606606606202e-02 4.205171780111653657e-02
7.207207207207207145e-02 -1.359626551003922934e-01
7.807807807807808087e-02 -3.152124110578920224e-02
8.408408408408407642e-02 1.800132328008375304e-01
9.009009009009008584e-02 -6.144396800643901063e-02
9.609609609609609526e-02 7.716649483783707963e-02
1.021021021021021047e-01 -4.203591732111928297e-02
1.081081081081081141e-01 8.427628976552775653e-03
1.141141141141141097e-01 -1.238694530903273888e-01
1.201201201201201191e-01 3.075304260806448892e-02
1.261261261261261146e-01 1.632489295614774349e-01
1.321321321321321240e-01 -3.201720411132089744e-02
1.381381381381381335e-01 8.514437005261844826e-02
1.441441441441441429e-01 8.662807756766185974e-02
1.501501501501501523e-01 3.653980256855722530e-02
1.561561561561561617e-01 -6.702678101058388849e-02
1.621621621621621712e-01 2.737342825466954413e-02
1.681681681681681528e-01 -5.731998410147286227e-03
1.741741741741741623e-01 -2.056240859611409288e-02
1.801801801801801717e-01 2.255373364564278171e-01
1.861861861861861811e-01 -1.383511142373184399e-01
1.921921921921921905e-01 -1.523983643142101663e-01
1.981981981981981999e-01 1.323451920840694185e-01
2.042042042042042094e-01 1.020560805469193921e-01
2.102102102102102188e-01 5.869081650687781732e-02
2.162162162162162282e-01 1.346182927529039342e-01
2.222222222222222099e-01 -5.939491319216840676e-02
2.282282282282282193e-01 9.417311538809045035e-02
2.342342342342342287e-01 8.522815360554092390e-02
2.402402402402402382e-01 8.539304156494340048e-02
2.462462462462462476e-01 3.329116768792857173e-02
2.522522522522522292e-01 2.045913428646480570e-01
2.582582582582582664e-01 5.948509572943604801e-02
2.642642642642642481e-01 1.196791001096516177e-01
2.702702702702702853e-01 1.788342830435233899e-01
2.762762762762762669e-01 -1.971247662592385402e-02
2.822822822822823041e-01 1.098530911363858886e-01
2.882882882882882858e-01 2.096129465736816799e-01
2.942942942942942675e-01 2.701227989320285905e-02
3.003003003003003046e-01 -5.718489536749693514e-03
3.063063063063062863e-01 8.426447091272054601e-02
3.123123123123123235e-01 6.709147742834284389e-02
3.183183183183183051e-01 2.100460440589946853e-01
3.243243243243243423e-01 1.212718249802968024e-02
3.303303303303303240e-01 1.103891856544042260e-01
3.363363363363363057e-01 3.360872146245334480e-01
3.423423423423423428e-01 3.360149751828395148e-02
3.483483483483483245e-01 3.217744259794782513e-01
3.543543543543543617e-01 -3.781146823716843852e-02
3.603603603603603434e-01 8.685373469159184123e-02
3.663663663663663805e-01 2.078384550637100148e-01
3.723723723723723622e-01 3.614850356922645613e-02
3.783783783783783994e-01 2.627070935450432909e-01
3.843843843843843811e-01 -3.541796660969755151e-02
3.903903903903903627e-01 1.699266275651554192e-01
3.963963963963963999e-01 8.065986943935909981e-02
4.024024024024023816e-01 8.761621290969909270e-02
4.084084084084084187e-01 9.883291862553567064e-02
4.144144144144144004e-01 1.014535351983648914e-02
4.204204204204204376e-01 1.187593404003831066e-01
4.264264264264264193e-01 2.636036815160359981e-02
4.324324324324324564e-01 1.134707906903193730e-01
4.384384384384384381e-01 -6.173808268047518977e-02
4.444444444444444198e-01 2.466163835492739542e-01
4.504504504504504570e-01 3.359587853546937009e-01
4.564564564564564386e-01 1.027207875658059377e-02
4.624624624624624758e-01 6.709691609932064149e-02
4.684684684684684575e-01 -1.278932332127441507e-01
4.744744744744744946e-01 5.602666446472405470e-02
4.804804804804804763e-01 9.974270399180727720e-02
4.864864864864864580e-01 2.744155397799794699e-02
4.924924924924924952e-01 1.213711385434411427e-01
4.984984984984984768e-01 -6.772813703493719972e-02
5.045045045045044585e-01 1.528278553670891493e-01
5.105105105105105512e-01 -3.792353080486546291e-03
5.165165165165165329e-01 -8.553137491109041868e-02
5.225225225225225145e-01 2.449470941563118842e-01
5.285285285285284962e-01 -6.666402858198859638e-02
5.345345345345344779e-01 6.645277642406086094e-02
5.405405405405405705e-01 1.981921607436779031e-01
5.465465465465465522e-01 1.859065647185839110e-01
5.525525525525525339e-01 8.109322590982467882e-02
5.585585585585585155e-01 3.009725466271256922e-01
5.645645645645646082e-01 6.312240801758958741e-02
5.705705705705705899e-01 2.131667403557454821e-01
5.765765765765765716e-01 1.879522581003861270e-01
5.825825825825825532e-01 1.381078418255559381e-01
5.885885885885885349e-01 6.903977377552797390e-02
5.945945945945946276e-01 4.344636357326259885e-02
6.006006006006006093e-01 3.354415797946581068e-01
6.066066066066065909e-01 -6.961744751195100833e-02
6.126126126126125726e-01 1.144165913743834251e-01
6.186186186186186653e-01 2.052102468186860207e-01
6.246246246246246470e-01 3.827449171274575068e-01
6.306306306306306286e-01 5.305296046377087904e-02
6.366366366366366103e-01 2.459201843499517204e-01
6.426426426426425920e-01 2.720501426539271850e-01
6.486486486486486847e-01 3.104584396487474196e-01
6.546546546546546663e-01 1.580887322826997621e-01
6.606606606606606480e-01 8.200338319791861119e-02
6.666666666666666297e-01 5.644650754709126805e-02
6.726726726726726113e-01 1.650567123696877747e-05
6.786786786786787040e-01 9.067122024470539166e-02
6.846846846846846857e-01 2.718453269805732875e-01
6.906906906906906674e-01 3.873562685831377639e-02
6.966966966966966490e-01 8.138622135738458885e-02
7.027027027027027417e-01 7.732165658919457063e-02
7.087087087087087234e-01 -6.009646086590547664e-03
7.147147147147147050e-01 2.885716050569429036e-01
7.207207207207206867e-01 2.449858347202964470e-01
7.267267267267266684e-01 6.397702580949950202e-02
7.327327327327327611e-01 1.416854096354503989e-01
7.387387387387387427e-01 4.294315581287944106e-02
7.447447447447447244e-01 6.047289593907342886e-02
7.507507507507507061e-01 1.349061164301060545e-01
7.567567567567567988e-01 2.096637327963886688e-01
7.627627627627627804e-01 -1.083607962132895619e-01
7.687687687687687621e-01 1.773656972178415114e-01
7.747747747747747438e-01 2.765375982279431877e-02
7.807807807807807254e-01 5.649861598778685434e-02
7.867867867867868181e-01 1.061362526702017556e-01
7.927927927927927998e-01 5.795578817998132959e-02
7.987987987987987815e-01 -6.732831969039132503e-02
8.048048048048047631e-01 2.224656170092515206e-01
8.108108108108108558e-01 1.089647246838775507e-01
8.168168168168168375e-01 4.624988745922661848e-02
8.228228228228228192e-01 1.842120054514807814e-01
8.288288288288288008e-01 1.611049137625991112e-01
8.348348348348347825e-01 1.283394223241606513e-01
8.408408408408408752e-01 2.167381803442338106e-01
8.468468468468468568e-01 3.840652569735304445e-01
8.528528528528528385e-01 8.254653575410370037e-02
8.588588588588588202e-01 3.459097611349625789e-01
8.648648648648649129e-01 3.642701628422342908e-02
8.708708708708708945e-01 2.616106536436355601e-01
8.768768768768768762e-01 1.852399564372969321e-01
8.828828828828828579e-01 1.073155834762157257e-01
8.888888888888888395e-01 2.294305560262110966e-01
8.948948948948949322e-01 1.318536966372905739e-01
9.009009009009009139e-01 3.335281215660672038e-01
9.069069069069068956e-01 3.722306319086213788e-01
9.129129129129128772e-01 1.568393352060214463e-01
9.189189189189188589e-01 1.964236575478688074e-01
9.249249249249249516e-01 2.729084426356867543e-01
9.309309309309309333e-01 1.120903521275746773e-01
9.369369369369369149e-01 2.047524186537829083e-01
9.429429429429428966e-01 3.025255429659629569e-01
9.489489489489489893e-01 2.876103339639385914e-01
9.549549549549549710e-01 2.867294136522788861e-01
9.609609609609609526e-01 1.112030270689290945e-01
9.669669669669669343e-01 2.885630649328378428e-01
9.729729729729729160e-01 3.023099870000127143e-01
9.789789789789790087e-01 1.310088186146134981e-01
9.849849849849849903e-01 1.931276502509896298e-01
9.909909909909909720e-01 2.530313577587508522e-01
9.969969969969969537e-01 1.374783960081079059e-01
1.003003003003003046e+00 6.557737273611477513e-02
1.009009009009008917e+00 1.223044796360609615e-01
1.015015015015015010e+00 3.197991308933018084e-01
1.021021021021021102e+00 3.387530393648745530e-01
1.027027027027026973e+00 1.716429829513344274e-01
1.033033033033033066e+00 3.989560656794302052e-01
1.039039039039038936e+00 1.659162662231442043e-01
1.045045045045045029e+00 1.029302807100907213e-01
1.051051051051051122e+00 3.157667133934496939e-01
1.057057057057056992e+00 3.982116215257426317e-01
1.063063063063063085e+00 2.102013451140415379e-01
1.069069069069068956e+00 2.546892296647563780e-01
1.075075075075075048e+00 1.993296196530148778e-01
1.081081081081081141e+00 2.539592818770517457e-01
1.087087087087087012e+00 2.937504081871815664e-01
1.093093093093093104e+00 3.867893581177082041e-01
1.099099099099099197e+00 1.740652599622050656e-01
1.105105105105105068e+00 1.636076127436677241e-01
1.111111111111111160e+00 3.288603115041172087e-01
1.117117117117117031e+00 3.857280757538452676e-01
1.123123123123123124e+00 1.022867016805240614e-01
1.129129129129129216e+00 3.990653817816450788e-01
1.135135135135135087e+00 4.110435921032147277e-01
1.141141141141141180e+00 1.068633204073869136e-01
1.147147147147147050e+00 3.309129642859567344e-01
1.153153153153153143e+00 2.756452362679183699e-01
1.159159159159159236e+00 5.282804335939783602e-01
1.165165165165165106e+00 2.752306441862217290e-01
1.171171171171171199e+00 4.941711110737045942e-01
1.177177177177177070e+00 3.026259683719519922e-01
1.183183183183183163e+00 3.237019594176751558e-01
1.189189189189189255e+00 4.395221713621824677e-01
1.195195195195195126e+00 4.999927549696149276e-01
1.201201201201201219e+00 2.449148586693704055e-01
1.207207207207207089e+00 4.498571613386920243e-01
1.213213213213213182e+00 4.925839898508282966e-01
1.219219219219219275e+00 4.263494446104303948e-01
1.225225225225225145e+00 4.629456968417866025e-01
1.231231231231231238e+00 4.213267106557149200e-01
1.237237237237237331e+00 5.374975812352859039e-01
1.243243243243243201e+00 4.325096484030041544e-01
1.249249249249249294e+00 3.075269807879728035e-01
1.255255255255255165e+00 4.996256169117486712e-01
1.261261261261261257e+00 4.138634294650416212e-01
1.267267267267267350e+00 4.359471577515255380e-01
1.273273273273273221e+00 4.107674085317426504e-01
1.279279279279279313e+00 4.486831777057707638e-01
1.285285285285285184e+00 3.652353525043773863e-01
1.291291291291291277e+00 4.825300618985294276e-01
1.297297297297297369e+00 4.266730202647532888e-01
1.303303303303303240e+00 5.648758540578140419e-01
1.309309309309309333e+00 4.674193319235458444e-01
1.315315315315315203e+00 5.444950814738896971e-01
1.321321321321321296e+00 5.389795204299849818e-01
1.327327327327327389e+00 5.243294744085373882e-01
1.333333333333333259e+00 5.625701879905757874e-01
1.339339339339339352e+00 6.101664753281573761e-01
1.345345345345345223e+00 5.515991983792782882e-01
1.351351351351351315e+00 5.426039964396884852e-01
1.357357357357357408e+00 5.562279772602385375e-01
1.363363363363363279e+00 6.037190181423227608e-01
1.369369369369369371e+00 4.469948423171230534e-01
1.375375375375375464e+00 6.242672083739907452e-01
1.381381381381381335e+00 5.947768090798720708e-01
1.387387387387387427e+00 5.457119001681496329e-01
1.393393393393393298e+00 5.419280432408801751e-01
1.399399399399399391e+00 7.140173874730033621e-01
1.405405405405405483e+00 8.507086354553893282e-01
1.411411411411411354e+00 6.453955839957339347e-01
1.417417417417417447e+00 7.907212296010770469e-01
1.423423423423423317e+00 7.031745801750117764e-01
1.429429429429429410e+00 6.561438893889517399e-01
1.435435435435435503e+00 5.229140950275431576e-01
1.441441441441441373e+00 6.528053563392495207e-01
1.447447447447447466e+00 6.382311000423762648e-01
1.453453453453453337e+00 6.860507478261722580e-01
1.459459459459459429e+00 6.435870923883216799e-01
1.465465465465465522e+00 5.903515051488981147e-01
1.471471471471471393e+00 7.510324986856906637e-01
1.477477477477477485e+00 7.153711918074686649e-01
1.483483483483483578e+00 6.954526081808590776e-01
1.489489489489489449e+00 7.221365190097365216e-01
1.495495495495495542e+00 9.573569117217594071e-01
1.501501501501501412e+00 6.832053890851647049e-01
1.507507507507507505e+00 7.094247691950776868e-01
1.513513513513513598e+00 8.746453158633977765e-01
1.519519519519519468e+00 7.000080996685212886e-01
1.525525525525525561e+00 7.197190491113154565e-01
1.531531531531531432e+00 8.241984457832394195e-01
1.537537537537537524e+00 7.184969189267960132e-01
1.543543543543543617e+00 6.910995100470801455e-01
1.549549549549549488e+00 6.854734017683326019e-01
1.555555555555555580e+00 9.833568976543677342e-01
1.561561561561561451e+00 6.705215090511236209e-01
1.567567567567567544e+00 7.681361470210055220e-01
1.573573573573573636e+00 8.548976764008708873e-01
1.579579579579579507e+00 9.192279114090573522e-01
1.585585585585585600e+00 1.024787713379167631e+00
1.591591591591591470e+00 8.120305779165355453e-01
1.597597597597597563e+00 1.129132172096980913e+00
1.603603603603603656e+00 8.689663338188778896e-01
1.609609609609609526e+00 1.070593164053885715e+00
1.615615615615615619e+00 1.132662875037581562e+00
1.621621621621621712e+00 1.060176405008762535e+00
1.627627627627627582e+00 8.524582076356960192e-01
1.633633633633633675e+00 1.033175436461489571e+00
1.639639639639639546e+00 9.478295093558180007e-01
1.645645645645645638e+00 9.770183846894746615e-01
1.651651651651651731e+00 1.185814494566776123e+00
1.657657657657657602e+00 1.114493142448816032e+00
1.663663663663663694e+00 9.714048463629938457e-01
1.669669669669669565e+00 1.079069054707267883e+00
1.675675675675675658e+00 1.132807110682007234e+00
1.681681681681681750e+00 1.196955423385701600e+00
1.687687687687687621e+00 1.011647057451934506e+00
1.693693693693693714e+00 1.169795516014197290e+00
1.699699699699699584e+00 9.539745011155176257e-01
1.705705705705705677e+00 1.309058639298648075e+00
1.711711711711711770e+00 1.113666893675551384e+00
1.717717717717717640e+00 1.047640468773960665e+00
1.723723723723723733e+00 1.268753140178331629e+00
1.729729729729729826e+00 1.052125257380661649e+00
1.735735735735735696e+00 1.351262581756205172e+00
1.741741741741741789e+00 1.369517552612300015e+00
1.747747747747747660e+00 1.259158938071189393e+00
1.753753753753753752e+00 1.379851037973883310e+00
1.759759759759759845e+00 1.189123846202548851e+00
1.765765765765765716e+00 1.498447299399740862e+00
1.771771771771771808e+00 1.249976979661398868e+00
1.777777777777777679e+00 1.410798512433502072e+00
1.783783783783783772e+00 1.395937245601902799e+00
1.789789789789789864e+00 1.238540302759303380e+00
1.795795795795795735e+00 1.462497567372190721e+00
1.801801801801801828e+00 1.252201847918033017e+00
1.807807807807807698e+00 1.257642999295397246e+00
1.813813813813813791e+00 1.445545072523755303e+00
1.819819819819819884e+00 1.554649437950399005e+00
1.825825825825825754e+00 1.241659575770787782e+00
1.831831831831831847e+00 1.534597268922853086e+00
1.837837837837837718e+00 1.457926885178206566e+00
1.843843843843843811e+00 1.483090756999964510e+00
1.849849849849849903e+00 1.475242069065389350e+00
1.855855855855855774e+00 1.572112061978105713e+00
1.861861861861861867e+00 1.456640179452671102e+00
1.867867867867867959e+00 1.408447398855659616e+00
1.873873873873873830e+00 1.413244730664978910e+00
1.879879879879879923e+00 1.416721137985429868e+00
1.885885885885885793e+00 1.677503799457572997e+00
1.891891891891891886e+00 1.570384694388154756e+00
1.897897897897897979e+00 1.518008205388162724e+00
1.903903903903903849e+00 1.384358245489951234e+00
1.909909909909909942e+00 1.363842088379583650e+00
1.915915915915915813e+00 1.400310752254646962e+00
1.921921921921921905e+00 1.536622797155498210e+00
1.927927927927927998e+00 1.621876575733644188e+00
1.933933933933933869e+00 1.455634904309109467e+00
1.939939939939939961e+00 1.604890841771708487e+00
1.945945945945945832e+00 1.261934242395021055e+00
1.951951951951951925e+00 1.587645974299935592e+00
1.957957957957958017e+00 1.495018741281737507e+00
1.963963963963963888e+00 1.495723241546101256e+00
1.969969969969969981e+00 1.625255061717937100e+00
1.975975975975975851e+00 1.609422621725244307e+00
1.981981981981981944e+00 1.634077535293150474e+00
1.987987987987988037e+00 1.453455978900667578e+00
1.993993993993993907e+00 1.680047667044643145e+00
2.000000000000000000e+00 1.591870222568266824e+00
2.006006006006006093e+00 1.789019775623320374e+00
2.012012012012012185e+00 1.601225369659926345e+00
2.018018018018017834e+00 1.598930539067026091e+00
2.024024024024023927e+00 1.607813273922705566e+00
2.030030030030030019e+00 1.708547810062973626e+00
2.036036036036036112e+00 1.618183797564462179e+00
2.042042042042042205e+00 1.630104940565909155e+00
2.048048048048047853e+00 1.659313446631129230e+00
2.054054054054053946e+00 1.595922500358604390e+00
2.060060060060060039e+00 1.444494749390005328e+00
2.066066066066066131e+00 1.604627070209909245e+00
2.072072072072072224e+00 1.519517035981147179e+00
2.078078078078077873e+00 1.614214122482027003e+00
2.084084084084083965e+00 1.577645823990740048e+00
2.090090090090090058e+00 1.863705840261642876e+00
2.096096096096096151e+00 1.831476342589624773e+00
2.102102102102102243e+00 1.545019161068464930e+00
2.108108108108107892e+00 1.683051396255708765e+00
2.114114114114113985e+00 1.709928119591829221e+00
2.120120120120120077e+00 1.628792869516979991e+00
2.126126126126126170e+00 1.712545091239357609e+00
2.132132132132132263e+00 1.746253416439785600e+00
2.138138138138137911e+00 1.776259843796316407e+00
2.144144144144144004e+00 1.669361521966814754e+00
2.150150150150150097e+00 1.722772069679491924e+00
2.156156156156156189e+00 1.578659948950984715e+00
2.162162162162162282e+00 1.682488500915918728e+00
2.168168168168167931e+00 1.591937444024439152e+00
2.174174174174174023e+00 1.654840057281366628e+00
2.180180180180180116e+00 1.615798813611627249e+00
2.186186186186186209e+00 1.824516045706864764e+00
2.192192192192192302e+00 1.755329202386376464e+00
2.198198198198198394e+00 1.579657118416010420e+00
2.204204204204204043e+00 1.627565057533981507e+00
2.210210210210210136e+00 1.516559427209624111e+00
2.216216216216216228e+00 1.698504632595468689e+00
2.222222222222222321e+00 1.497988496129778691e+00
2.228228228228228414e+00 1.548443787912475056e+00
2.234234234234234062e+00 1.630004205839781894e+00
2.240240240240240155e+00 1.560294481942013034e+00
2.246246246246246248e+00 1.646591324108000576e+00
2.252252252252252340e+00 1.373222217332983552e+00
2.258258258258258433e+00 1.485514437835864010e+00
2.264264264264264082e+00 1.668903462371283508e+00
2.270270270270270174e+00 1.802055012856242922e+00
2.276276276276276267e+00 1.709661997846114945e+00
2.282282282282282360e+00 1.463429508210824626e+00
2.288288288288288452e+00 1.684537931041305114e+00
2.294294294294294101e+00 1.354972200885779632e+00
2.300300300300300194e+00 1.631806606164784235e+00
2.306306306306306286e+00 1.544129589335787589e+00
2.312312312312312379e+00 1.500136155518215109e+00
2.318318318318318472e+00 1.555247913091780898e+00
2.324324324324324120e+00 1.589224432002300569e+00
2.330330330330330213e+00 1.515476274464145234e+00
2.336336336336336306e+00 1.344247443785175467e+00
2.342342342342342398e+00 1.475569989029337004e+00
2.348348348348348491e+00 1.363760935305595501e+00
2.354354354354354140e+00 1.508714358076175932e+00
2.360360360360360232e+00 1.391071978874905746e+00
2.366366366366366325e+00 1.565704910010088158e+00
2.372372372372372418e+00 1.473580949008008067e+00
2.378378378378378510e+00 1.619051113723956270e+00
2.384384384384384159e+00 1.493722329502198187e+00
2.390390390390390252e+00 1.420584393425721181e+00
2.396396396396396344e+00 1.458119210133116850e+00
2.402402402402402437e+00 1.359429707767139783e+00
2.408408408408408530e+00 1.443452273305916300e+00
2.414414414414414178e+00 1.683874994684996462e+00
2.420420420420420271e+00 1.289122283641729982e+00
2.426426426426426364e+00 1.538559432960854068e+00
2.432432432432432456e+00 1.521001249150741641e+00
2.438438438438438549e+00 1.657350981068855811e+00
2.444444444444444642e+00 1.405109509894131081e+00
2.450450450450450290e+00 1.697175415280625765e+00
2.456456456456456383e+00 1.504368406206656461e+00
2.462462462462462476e+00 1.319479173599180211e+00
2.468468468468468568e+00 1.572474117706112562e+00
2.474474474474474661e+00 1.438889522701441992e+00
2.480480480480480310e+00 1.571477185966387857e+00
2.486486486486486402e+00 1.494392559497428108e+00
2.492492492492492495e+00 1.580367522525097934e+00
2.498498498498498588e+00 1.428064816483425314e+00
2.504504504504504681e+00 1.346587478411666483e+00
2.510510510510510329e+00 1.546938683748355636e+00
2.516516516516516422e+00 1.520153822790240472e+00
2.522522522522522515e+00 1.380354822056306219e+00
2.528528528528528607e+00 1.540594945545961103e+00
2.534534534534534700e+00 1.455688224843217249e+00
2.540540540540540349e+00 1.481047347029935235e+00
2.546546546546546441e+00 1.410217825705605499e+00
2.552552552552552534e+00 1.386582499584855466e+00
2.558558558558558627e+00 1.437515496551344363e+00
2.564564564564564719e+00 1.527770549715031789e+00
2.570570570570570368e+00 1.351720380596213467e+00
2.576576576576576461e+00 1.337675764150719759e+00
2.582582582582582553e+00 1.280687234419247034e+00
2.588588588588588646e+00 1.513533828200012588e+00
2.594594594594594739e+00 1.501291826118099859e+00
2.600600600600600387e+00 1.325131054561722532e+00
2.606606606606606480e+00 1.418814312897035856e+00
2.612612612612612573e+00 1.445636825380054225e+00
2.618618618618618665e+00 1.475793311245601425e+00
2.624624624624624758e+00 1.467156289605446640e+00
2.630630630630630407e+00 1.542595366269273738e+00
2.636636636636636499e+00 1.275695832595687529e+00
2.642642642642642592e+00 1.430357107431473818e+00
2.648648648648648685e+00 1.341596124284511360e+00
2.654654654654654777e+00 1.171550246012194707e+00
2.660660660660660426e+00 1.503579984928160140e+00
2.666666666666666519e+00 1.119583319133697685e+00
2.672672672672672611e+00 1.408279102225441726e+00
2.678678678678678704e+00 1.255536393481308854e+00
2.684684684684684797e+00 1.648896543745479226e+00
2.690690690690690445e+00 1.381865219281153356e+00
2.696696696696696538e+00 1.432929785426148905e+00
2.702702702702702631e+00 1.390733639262657029e+00
2.708708708708708723e+00 1.474740460606688952e+00
2.714714714714714816e+00 1.505954102964123686e+00
2.720720720720720909e+00 1.358829205100240634e+00
2.726726726726726557e+00 1.341664759746683089e+00
2.732732732732732650e+00 1.303175270988861101e+00
2.738738738738738743e+00 1.302065142328383329e+00
2.744744744744744835e+00 1.472822281478335826e+00
2.750750750750750928e+00 1.301924913091760505e+00
2.756756756756756577e+00 1.348009329166975245e+00
2.762762762762762669e+00 1.463002050128881182e+00
2.768768768768768762e+00 1.449839938759792890e+00
2.774774774774774855e+00 1.484882629874804794e+00
2.780780780780780947e+00 1.190124109670056329e+00
2.786786786786786596e+00 1.507855123190935176e+00
2.792792792792792689e+00 1.421604419639065586e+00
2.798798798798798781e+00 1.370416108135519950e+00
2.804804804804804874e+00 1.431958491388127364e+00
2.810810810810810967e+00 1.315188894125689512e+00
2.816816816816816615e+00 1.509065476892816005e+00
2.822822822822822708e+00 1.517260070767151969e+00
2.828828828828828801e+00 1.189397332794680295e+00
2.834834834834834894e+00 1.384369112352415554e+00
2.840840840840840986e+00 1.385245932358763143e+00
2.846846846846846635e+00 1.563661253986979860e+00
2.852852852852852727e+00 1.402699910534743521e+00
2.858858858858858820e+00 1.543887714121513044e+00
2.864864864864864913e+00 1.459427575335304983e+00
2.870870870870871006e+00 1.399804017505951181e+00
2.876876876876876654e+00 1.257170483207837863e+00
2.882882882882882747e+00 1.544816996957552480e+00
2.888888888888888840e+00 1.338552637680837876e+00
2.894894894894894932e+00 1.483456837856989230e+00
2.900900900900901025e+00 1.396218495284550887e+00
2.906906906906906674e+00 1.481025533094769031e+00
2.912912912912912766e+00 1.468833942612293830e+00
2.918918918918918859e+00 1.454832715620913319e+00
2.924924924924924952e+00 1.132654864189282851e+00
2.930930930930931044e+00 1.389796537479937477e+00
2.936936936936936693e+00 1.466458464483509250e+00
2.942942942942942786e+00 1.652212349758422905e+00
2.948948948948948878e+00 1.390134790441174273e+00
2.954954954954954971e+00 1.504814779859297458e+00
2.960960960960961064e+00 1.481149125763072449e+00
2.966966966966967156e+00 1.501183439791345275e+00
2.972972972972972805e+00 1.472589074370113105e+00
2.978978978978978898e+00 1.283269418318415900e+00
2.984984984984984990e+00 1.461331089502449387e+00
2.990990990990991083e+00 1.352370728541518741e+00
2.996996996996997176e+00 1.462218283837986688e+00
3.003003003003002824e+00 1.482219886982184986e+00
3.009009009009008917e+00 1.463166472323001788e+00
3.015015015015015010e+00 1.252096918842517947e+00
3.021021021021021102e+00 1.412533007154291864e+00
3.027027027027027195e+00 1.326315889776058299e+00
3.033033033033032844e+00 1.463573667782059218e+00
3.039039039039038936e+00 1.239731805192803682e+00
3.045045045045045029e+00 1.408811303904607293e+00
3.051051051051051122e+00 1.432892354574591076e+00
3.057057057057057214e+00 1.291711955310882454e+00
3.063063063063062863e+00 1.349427266783626234e+00
3.069069069069068956e+00 1.357612648154744139e+00
3.075075075075075048e+00 1.344556024624574464e+00
3.081081081081081141e+00 1.427882614247275361e+00
3.087087087087087234e+00 1.448395945558204501e+00
3.093093093093092882e+00 1.341007738472160593e+00
3.099099099099098975e+00 1.512253258498247543e+00
3.105105105105105068e+00 1.328492227714223262e+00
3.111111111111111160e+00 1.502565589269578616e+00
3.117117117117117253e+00 1.560983736042934611e+00
3.123123123123122902e+00 1.342833326933546623e+00
3.129129129129128994e+00 1.453932212075609742e+00
3.135135135135135087e+00 1.424909672885473988e+00
3.141141141141141180e+00 1.468687463194445098e+00
3.147147147147147273e+00 1.438232222722096720e+00
3.153153153153152921e+00 1.392267651879522949e+00
3.159159159159159014e+00 1.319321436859537622e+00
3.165165165165165106e+00 1.500703157566540602e+00
3.171171171171171199e+00 1.562041662214505022e+00
3.177177177177177292e+00 1.451495837360711860e+00
3.183183183183182940e+00 1.584419266560158857e+00
3.189189189189189033e+00 1.497318679148661458e+00
3.195195195195195126e+00 1.261704673529074894e+00
3.201201201201201219e+00 1.312979490453931142e+00
3.207207207207207311e+00 1.653393540073893719e+00
3.213213213213213404e+00 1.715450569887187582e+00
3.219219219219219053e+00 1.390364616778442697e+00
3.225225225225225145e+00 1.397000259241418574e+00
3.231231231231231238e+00 1.605291512975251633e+00
3.237237237237237331e+00 1.432908517649729152e+00
3.243243243243243423e+00 1.332436727514958008e+00
3.249249249249249072e+00 1.458033708376969440e+00
3.255255255255255165e+00 1.563814516900776663e+00
3.261261261261261257e+00 1.513939356289383475e+00
3.267267267267267350e+00 1.655909831876905658e+00
3.273273273273273443e+00 1.482046301758119133e+00
3.279279279279279091e+00 1.672855210114282176e+00
3.285285285285285184e+00 1.500896785055054083e+00
3.291291291291291277e+00 1.581131952946610131e+00
3.297297297297297369e+00 1.460859668764958874e+00
3.303303303303303462e+00 1.702914865034911296e+00
3.309309309309309111e+00 1.416434892490399111e+00
3.315315315315315203e+00 1.560308838084748517e+00
3.321321321321321296e+00 1.679613013177070346e+00
3.327327327327327389e+00 1.489166317392442318e+00
3.333333333333333481e+00 1.596217459803914052e+00
3.339339339339339130e+00 1.749653384010047441e+00
3.345345345345345223e+00 1.768445678803654442e+00
3.351351351351351315e+00 1.593628475857757687e+00
3.357357357357357408e+00 1.630652381668870721e+00
3.363363363363363501e+00 1.732429719246987299e+00
3.369369369369369149e+00 1.476028983798504779e+00
3.375375375375375242e+00 1.480695583398473181e+00
3.381381381381381335e+00 1.506489124548363812e+00
3.387387387387387427e+00 1.592300734969805953e+00
3.393393393393393520e+00 1.483627986278444943e+00
3.399399399399399169e+00 1.513926146319174881e+00
3.405405405405405261e+00 1.697452471228686255e+00
3.411411411411411354e+00 1.539028163350201428e+00
3.417417417417417447e+00 1.338963310086672243e+00
3.423423423423423539e+00 1.615130637997780783e+00
3.429429429429429188e+00 1.575193095117534137e+00
3.435435435435435281e+00 1.732851639339136662e+00
3.441441441441441373e+00 1.736115644096971389e+00
3.447447447447447466e+00 1.904247838686953909e+00
3.453453453453453559e+00 1.877328763627935215e+00
3.459459459459459651e+00 1.799940845377725029e+00
3.465465465465465300e+00 1.487411705092677394e+00
3.471471471471471393e+00 1.479767920199015929e+00
3.477477477477477485e+00 1.549406370236739106e+00
3.483483483483483578e+00 1.651741501922418864e+00
3.489489489489489671e+00 1.447380098698794360e+00
3.495495495495495319e+00 1.731486975388690119e+00
3.501501501501501412e+00 1.678716058904525799e+00
3.507507507507507505e+00 1.450490216378390151e+00
3.513513513513513598e+00 1.652662553211746710e+00
3.519519519519519690e+00 1.431244682621538589e+00
3.525525525525525339e+00 1.797825254766945102e+00
3.531531531531531432e+00 1.639688354683054961e+00
3.537537537537537524e+00 1.673155874487889383e+00
3.543543543543543617e+00 1.682609031899959806e+00
3.549549549549549710e+00 1.546850525595049763e+00
3.555555555555555358e+00 1.490608297885611444e+00
3.561561561561561451e+00 1.682151041148115533e+00
3.567567567567567544e+00 1.550686919830443156e+00
3.573573573573573636e+00 1.527049506276251245e+00
3.579579579579579729e+00 1.523724517964469394e+00
3.585585585585585378e+00 1.703152400904096364e+00
3.591591591591591470e+00 1.565565394052285120e+00
3.597597597597597563e+00 1.706865755703015575e+00
3.603603603603603656e+00 1.541953054925877753e+00
3.609609609609609748e+00 1.510451564217537568e+00
3.615615615615615397e+00 1.667749507147381793e+00
3.621621621621621490e+00 1.459987567416688892e+00
3.627627627627627582e+00 1.565126115162565279e+00
3.633633633633633675e+00 1.831373100302776891e+00
3.639639639639639768e+00 1.456145890569168877e+00
3.645645645645645416e+00 1.660028686812256460e+00
3.651651651651651509e+00 1.575294558140048817e+00
3.657657657657657602e+00 1.371997440574711735e+00
3.663663663663663694e+00 1.511876325044662961e+00
3.669669669669669787e+00 1.369961560642386056e+00
3.675675675675675436e+00 1.787357630514211593e+00
3.681681681681681528e+00 1.576633960824174174e+00
3.687687687687687621e+00 1.548615898448746364e+00
3.693693693693693714e+00 1.490222970376727130e+00
3.699699699699699806e+00 1.607025855942210590e+00
3.705705705705705455e+00 1.485371773341986668e+00
3.711711711711711548e+00 1.438685991760997540e+00
3.717717717717717640e+00 1.546473971931151770e+00
3.723723723723723733e+00 1.327291797996454914e+00
3.729729729729729826e+00 1.651107527267651642e+00
3.735735735735735918e+00 1.404419043739716155e+00
3.741741741741741567e+00 1.473311600025595469e+00
3.747747747747747660e+00 1.544118072284595966e+00
3.753753753753753752e+00 1.301012228337976140e+00
3.759759759759759845e+00 1.235876910796573469e+00
3.765765765765765938e+00 1.410212317422937289e+00
3.771771771771771586e+00 1.344701037250250142e+00
3.777777777777777679e+00 1.568925076010319719e+00
3.783783783783783772e+00 1.400665097232939083e+00
3.789789789789789864e+00 1.586194842899430801e+00
3.795795795795795957e+00 1.433867427860181731e+00
3.801801801801801606e+00 1.364730145591236621e+00
3.807807807807807698e+00 1.170506854724185919e+00
3.813813813813813791e+00 1.277255677383985377e+00
3.819819819819819884e+00 1.162730343337464944e+00
3.825825825825825977e+00 1.078877419115292557e+00
3.831831831831831625e+00 1.307350901093132123e+00
3.837837837837837718e+00 1.327230330760179822e+00
3.843843843843843811e+00 1.357567275974380649e+00
3.849849849849849903e+00 1.164863360687361737e+00
3.855855855855855996e+00 1.354371571292742438e+00
3.861861861861861644e+00 1.228152050567888010e+00
3.867867867867867737e+00 1.311452822956507447e+00
3.873873873873873830e+00 1.209769246963563027e+00
3.879879879879879923e+00 9.681230707457514351e-01
3.885885885885886015e+00 1.069418863324960611e+00
3.891891891891891664e+00 1.096500307237579630e+00
3.897897897897897757e+00 1.050780792843510891e+00
3.903903903903903849e+00 9.771693134957896154e-01
3.909909909909909942e+00 1.017221962181193318e+00
3.915915915915916035e+00 1.136815453011577937e+00
3.921921921921921683e+00 1.091060732504993691e+00
3.927927927927927776e+00 1.175275497022516991e+00
3.933933933933933869e+00 1.038221154279380887e+00
3.939939939939939961e+00 1.050974423850298045e+00
3.945945945945946054e+00 1.011256696720677750e+00
3.951951951951951703e+00 1.078793155143268123e+00
3.957957957957957795e+00 1.076224312571125274e+00
3.963963963963963888e+00 8.710223258783089673e-01
3.969969969969969981e+00 9.320505588467122848e-01
3.975975975975976073e+00 9.114608682365233916e-01
3.981981981981982166e+00 1.068041050425230454e+00
3.987987987987987815e+00 9.347344862425087664e-01
3.993993993993993907e+00 9.975102346463154968e-01
4.000000000000000000e+00 9.655676778421252715e-01
4.006006006006005649e+00 9.408697554586976652e-01
4.012012012012012185e+00 9.329607716674332973e-01
4.018018018018017834e+00 8.028053669827864836e-01
4.024024024024024371e+00 8.248617760364334028e-01
4.030030030030030019e+00 8.297642231734198015e-01
4.036036036036035668e+00 8.281954870697771920e-01
4.042042042042042205e+00 8.552365979992087031e-01
4.048048048048047853e+00 7.221177171577324305e-01
4.054054054054054390e+00 7.860802281603003205e-01
4.060060060060060039e+00 1.047391764117363566e+00
4.066066066066065687e+00 8.010228673387598253e-01
4.072072072072072224e+00 7.126671431298718939e-01
4.078078078078077873e+00 7.313547808585078025e-01
4.084084084084084409e+00 9.363378072231587357e-01
4.090090090090090058e+00 9.024181389665880682e-01
4.096096096096095707e+00 7.516605960969660050e-01
4.102102102102102243e+00 7.218353974990798783e-01
4.108108108108107892e+00 8.574822329487659101e-01
4.114114114114114429e+00 5.986944168788869147e-01
4.120120120120120077e+00 9.337101213863262528e-01
4.126126126126125726e+00 8.213287950526685366e-01
4.132132132132132263e+00 5.583573546598163961e-01
4.138138138138137911e+00 6.663138697202368732e-01
4.144144144144144448e+00 7.042511305196577087e-01
4.150150150150150097e+00 5.692252934036641232e-01
4.156156156156155745e+00 6.507237057023560478e-01
4.162162162162162282e+00 6.698947779539722314e-01
4.168168168168167931e+00 5.202885892381422517e-01
4.174174174174174468e+00 5.577129092703967395e-01
4.180180180180180116e+00 5.041948048040484354e-01
4.186186186186185765e+00 7.658772243337291785e-01
4.192192192192192302e+00 6.277682385136319487e-01
4.198198198198197950e+00 4.632801025815769802e-01
4.204204204204204487e+00 4.815941804572314022e-01
4.210210210210210136e+00 5.249991770085724596e-01
4.216216216216215784e+00 5.613727667693320100e-01
4.222222222222222321e+00 5.810972184549247910e-01
4.228228228228227970e+00 4.281960576369115978e-01
4.234234234234234506e+00 4.388043841607460194e-01
4.240240240240240155e+00 5.715981749259738676e-01
4.246246246246245803e+00 6.097163795112943152e-01
4.252252252252252340e+00 6.840262891817507906e-01
4.258258258258257989e+00 5.608773572277915287e-01
4.264264264264264526e+00 5.833221026234376438e-01
4.270270270270270174e+00 5.008060170667858468e-01
4.276276276276275823e+00 5.058281576582137617e-01
4.282282282282282360e+00 6.782405743310827573e-01
4.288288288288288008e+00 4.945786557271077410e-01
4.294294294294294545e+00 4.655300114005156975e-01
4.300300300300300194e+00 5.475729648845999442e-01
4.306306306306305842e+00 2.887608562060690609e-01
4.312312312312312379e+00 3.029904856426271498e-01
4.318318318318318028e+00 3.554310824405148006e-01
4.324324324324324564e+00 3.381665172659342189e-01
4.330330330330330213e+00 3.584639569403798576e-01
4.336336336336335862e+00 4.132211302302166156e-01
4.342342342342342398e+00 3.134846494464974542e-01
4.348348348348348047e+00 3.012993323562879744e-01
4.354354354354354584e+00 3.566294952218554415e-01
4.360360360360360232e+00 4.136780370778890270e-01
4.366366366366366769e+00 3.822808681288332178e-01
4.372372372372372418e+00 4.170047240827415846e-01
4.378378378378378066e+00 3.185179179325180465e-01
4.384384384384384603e+00 2.880263649657376912e-01
4.390390390390390252e+00 3.784730833130767191e-01
4.396396396396396788e+00 4.716200704580354452e-01
4.402402402402402437e+00 3.237058176182675551e-01
4.408408408408408086e+00 2.591669093607992247e-01
4.414414414414414622e+00 3.582629238517479608e-01
4.420420420420420271e+00 3.351118123020435657e-01
4.426426426426426808e+00 4.084171328911735954e-01
4.432432432432432456e+00 3.242736285714564737e-01
4.438438438438438105e+00 4.459992172829807533e-01
4.444444444444444642e+00 4.622998903592452358e-01
4.450450450450450290e+00 2.111262584340464765e-01
4.456456456456456827e+00 2.399670744782671505e-01
4.462462462462462476e+00 2.166639145479139494e-01
4.468468468468468124e+00 2.751104277159058809e-01
4.474474474474474661e+00 4.526802993964323951e-01
4.480480480480480310e+00 4.175763056063118706e-01
4.486486486486486847e+00 3.195268290115608756e-01
4.492492492492492495e+00 3.432672783213962520e-01
4.498498498498498144e+00 3.357322505426770798e-01
4.504504504504504681e+00 2.128049652402685954e-02
4.510510510510510329e+00 2.112160174005518476e-01
4.516516516516516866e+00 1.286325309658216953e-01
4.522522522522522515e+00 1.659641353725147539e-01
4.528528528528528163e+00 4.099385312918504276e-01
4.534534534534534700e+00 2.749149188492404083e-01
4.540540540540540349e+00 4.457686766952104196e-02
4.546546546546546885e+00 3.226589876122078482e-01
4.552552552552552534e+00 4.117495173161820898e-01
4.558558558558558182e+00 3.525557876513124578e-01
4.564564564564564719e+00 2.159490182949576620e-01
4.570570570570570368e+00 2.571307158149244154e-01
4.576576576576576905e+00 7.473451668043115670e-02
4.582582582582582553e+00 2.652785301883809899e-01
4.588588588588588202e+00 3.071111010168555144e-01
4.594594594594594739e+00 1.979787469639326669e-01
4.600600600600600387e+00 3.680421490188938716e-01
4.606606606606606924e+00 2.591849605194604389e-01
4.612612612612612573e+00 3.987720705247898012e-01
4.618618618618618221e+00 1.747376400213612735e-01
4.624624624624624758e+00 1.983580892486003222e-01
4.630630630630630407e+00 3.127434992232942523e-01
4.636636636636636943e+00 2.241941982245616305e-01
4.642642642642642592e+00 2.243952638394600130e-01
4.648648648648648241e+00 1.499571621507080066e-01
4.654654654654654777e+00 1.351058236047444350e-01
4.660660660660660426e+00 1.191095141162220455e-01
4.666666666666666963e+00 3.036245976970835536e-01
4.672672672672672611e+00 1.324336459671977551e-01
4.678678678678678260e+00 1.645595365914186980e-01
4.684684684684684797e+00 1.448591561780525339e-01
4.690690690690690445e+00 2.781137046138015823e-02
4.696696696696696982e+00 2.128471747066243425e-01
4.702702702702702631e+00 1.500451838343984101e-01
4.708708708708708279e+00 1.417311832583265097e-01
4.714714714714714816e+00 1.594258031342341009e-01
4.720720720720720465e+00 1.599028136905961961e-01
4.726726726726727001e+00 1.310072391353630794e-01
4.732732732732732650e+00 3.913444795431477718e-01
4.738738738738738299e+00 1.687605663659360322e-01
4.744744744744744835e+00 2.427835580679201799e-01
4.750750750750750484e+00 2.353601345706100578e-01
4.756756756756757021e+00 2.587155888419563343e-01
4.762762762762762669e+00 1.419800597559408017e-01
4.768768768768768318e+00 5.025725099781447325e-02
4.774774774774774855e+00 2.071431107491609469e-01
4.780780780780780503e+00 1.135486731166978902e-01
4.786786786786787040e+00 3.256044128080237687e-01
4.792792792792792689e+00 1.533515455172088648e-01
4.798798798798798337e+00 1.593934689177102793e-01
4.804804804804804874e+00 9.679332689494132835e-02
4.810810810810810523e+00 2.862479679223101647e-01
4.816816816816817060e+00 2.379349652374178059e-01
4.822822822822822708e+00 6.092747939980387717e-02
4.828828828828828357e+00 2.048243355385609143e-01
4.834834834834834894e+00 1.162050416593141122e-01
4.840840840840840542e+00 2.576067229883809429e-01
4.846846846846847079e+00 2.506944031804285711e-01
4.852852852852852727e+00 -2.049763760960127135e-02
4.858858858858858376e+00 1.646166584746883432e-01
4.864864864864864913e+00 1.065305986174934910e-01
4.870870870870870561e+00 1.534389893472374866e-01
4.876876876876877098e+00 1.393735423858780409e-01
4.882882882882882747e+00 -3.609014749918197651e-02
4.888888888888889284e+00 1.415638041941441050e-01
4.894894894894894932e+00 1.020070780502308622e-01
4.900900900900900581e+00 8.934031750880611078e-02
4.906906906906907118e+00 -7.290705646786493910e-03
4.912912912912912766e+00 1.319660020866495476e-01
4.918918918918919303e+00 6.474555674691293006e-02
4.924924924924924952e+00 2.142709394766067477e-01
4.930930930930930600e+00 1.783683791876398694e-01
4.936936936936937137e+00 1.249951215142463545e-01
4.942942942942942786e+00 3.505475762761033065e-02
4.948948948948949322e+00 1.617734146670195272e-01
4.954954954954954971e+00 1.077953776581854484e-01
4.960960960960960620e+00 7.372301317421672828e-02
4.966966966966967156e+00 1.861389100312940137e-01
4.972972972972972805e+00 1.164237624185126690e-01
4.978978978978979342e+00 1.143801880875483928e-01
4.984984984984984990e+00 1.856236414427307468e-01
4.990990990990990639e+00 3.799155061307056547e-02
4.996996996996997176e+00 1.786448708758444637e-01
5.003003003003002824e+00 7.348997917945690461e-02
5.009009009009009361e+00 3.981457598124745756e-01
5.015015015015015010e+00 7.891147799076031477e-02
5.021021021021020658e+00 6.481382400367105556e-02
5.027027027027027195e+00 1.147755357749496857e-01
5.033033033033032844e+00 1.191937583619126634e-01
5.039039039039039380e+00 1.524603620088471057e-01
5.045045045045045029e+00 2.711932723929807443e-01
5.051051051051050678e+00 5.175883857262998655e-02
5.057057057057057214e+00 9.712371848586549838e-02
5.063063063063062863e+00 -4.124457334209094550e-02
5.069069069069069400e+00 2.734417196846495868e-01
5.075075075075075048e+00 1.548119520437641339e-01
5.081081081081080697e+00 1.952852834405734983e-01
5.087087087087087234e+00 1.333440134473262983e-01
5.093093093093092882e+00 1.704613618451499835e-01
5.099099099099099419e+00 3.919505506904916864e-02
5.105105105105105068e+00 8.891671291147790201e-02
5.111111111111110716e+00 1.981181823568818334e-01
5.117117117117117253e+00 1.256258531951779389e-01
5.123123123123122902e+00 1.314297876820376687e-01
5.129129129129129439e+00 6.905795388627918030e-02
5.135135135135135087e+00 1.019758242205248827e-01
5.141141141141140736e+00 -6.857647204066957825e-02
5.147147147147147273e+00 1.078294289647304116e-01
5.153153153153152921e+00 -7.252557019758090751e-03
5.159159159159159458e+00 1.791552938697185959e-01
5.165165165165165106e+00 8.611488021047310204e-02
5.171171171171170755e+00 2.015215712868711206e-01
5.177177177177177292e+00 -1.648399775804734735e-02
5.183183183183182940e+00 2.491638639728226828e-02
5.189189189189189477e+00 -7.776910370979676912e-02
5.195195195195195126e+00 6.367441566610577974e-02
5.201201201201200774e+00 9.744408993099508420e-02
5.207207207207207311e+00 8.731372570243306486e-02
5.213213213213212960e+00 4.767218523651256534e-02
5.219219219219219497e+00 -4.799102542395856930e-02
5.225225225225225145e+00 2.506764131018264230e-01
5.231231231231230794e+00 7.540199949409012725e-02
5.237237237237237331e+00 3.116639239434387115e-02
5.243243243243242979e+00 1.976646223337445440e-01
5.249249249249249516e+00 -7.192225335711689704e-02
5.255255255255255165e+00 6.682376264888630069e-02
5.261261261261260813e+00 4.041090962775270579e-02
5.267267267267267350e+00 2.904052927051568173e-02
5.273273273273272999e+00 -7.993422563061355901e-02
5.279279279279279535e+00 1.124191051243588479e-01
5.285285285285285184e+00 1.602015134840334420e-02
5.291291291291290833e+00 -3.547213786662681972e-02
5.297297297297297369e+00 -3.737028689654882385e-02
5.303303303303303018e+00 1.540647808838608857e-01
5.309309309309309555e+00 -6.583095928716845013e-02
5.315315315315315203e+00 3.981558275360569388e-02
5.321321321321320852e+00 1.796287114578273836e-01
5.327327327327327389e+00 -6.670686051147617368e-02
5.333333333333333037e+00 -3.445156415405199735e-02
5.339339339339339574e+00 1.031780609852184782e-01
5.345345345345345223e+00 -1.209760827550226264e-02
5.351351351351350871e+00 1.208466634846830368e-01
5.357357357357357408e+00 1.249105857829859584e-01
5.363363363363363057e+00 1.204556290874775060e-01
5.369369369369369593e+00 1.341790919376956992e-01
5.375375375375375242e+00 7.728960176206431387e-02
5.381381381381380891e+00 7.018581955837177588e-02
5.387387387387387427e+00 -4.326484546030618522e-02
5.393393393393393076e+00 6.305753152524380678e-02
5.399399399399399613e+00 1.564391788367801295e-02
5.405405405405405261e+00 1.448645004659003810e-01
5.411411411411411798e+00 -1.406010673775085207e-01
5.417417417417417447e+00 1.231304449516918975e-01
5.423423423423423095e+00 8.750333889915593022e-02
5.429429429429429632e+00 1.602128212452151590e-01
5.435435435435435281e+00 -3.217979486437247405e-03
5.441441441441441818e+00 1.803827932649542110e-01
5.447447447447447466e+00 3.573574020011946462e-03
5.453453453453453115e+00 2.378096223493657291e-01
5.459459459459459651e+00 1.144139483612598984e-01
5.465465465465465300e+00 4.610845944165703481e-02
5.471471471471471837e+00 -7.436668875986093830e-02
5.477477477477477485e+00 6.879246245158698869e-02
5.483483483483483134e+00 -3.155588530266378866e-02
5.489489489489489671e+00 1.107585561078036906e-01
5.495495495495495319e+00 -4.084578153520229682e-05
5.501501501501501856e+00 5.811090692520022583e-02
5.507507507507507505e+00 -2.706996833621676257e-02
5.513513513513513153e+00 1.702732984999177357e-01
5.519519519519519690e+00 1.172553630773789587e-02
5.525525525525525339e+00 1.374583151198567332e-01
5.531531531531531876e+00 9.944034637919443864e-02
5.537537537537537524e+00 1.263130931701018922e-02
5.543543543543543173e+00 7.230478082864985612e-02
5.549549549549549710e+00 6.514109997875758284e-02
5.555555555555555358e+00 8.717428989337039358e-02
5.561561561561561895e+00 1.486973184515353874e-01
5.567567567567567544e+00 8.380499404147739861e-02
5.573573573573573192e+00 6.646293082016843656e-02
5.579579579579579729e+00 1.467867850619627157e-01
5.585585585585585378e+00 1.221007212400687103e-01
5.591591591591591914e+00 -9.381587290911094779e-02
5.597597597597597563e+00 1.897163013401889642e-02
5.603603603603603212e+00 9.049074347802825435e-02
5.609609609609609748e+00 -2.602569627694655691e-02
5.615615615615615397e+00 4.077582050027056537e-02
5.621621621621621934e+00 -2.406340165558570887e-02
5.627627627627627582e+00 -1.990129994951989612e-01
5.633633633633633231e+00 -1.144579754059099619e-03
5.639639639639639768e+00 -5.778434379351018307e-02
5.645645645645645416e+00 9.548002036153993566e-02
5.651651651651651953e+00 1.244923604408974677e-01
5.657657657657657602e+00 1.074223288594826908e-01
5.663663663663663250e+00 4.009660250197401299e-02
5.669669669669669787e+00 1.409629397132004802e-01
5.675675675675675436e+00 -4.937849264641560459e-02
5.681681681681681972e+00 -2.209596659576767985e-02
5.687687687687687621e+00 -2.642925887861589246e-02
5.693693693693693270e+00 1.681389643929964706e-02
5.699699699699699806e+00 4.275417774485743005e-02
5.705705705705705455e+00 2.030544262128727850e-01
5.711711711711711992e+00 3.625067710158347278e-02
5.717717717717717640e+00 9.655248097453407452e-02
5.723723723723723289e+00 1.304157068630089900e-01
5.729729729729729826e+00 1.376595534262031739e-01
5.735735735735735474e+00 -5.323262955696263232e-02
5.741741741741742011e+00 -1.688141975462819910e-01
5.747747747747747660e+00 1.958314772446101970e-01
5.753753753753753308e+00 -1.947709670651543989e-01
5.759759759759759845e+00 6.249880079839187363e-02
5.765765765765765494e+00 -3.805286814029690962e-02
5.771771771771772030e+00 5.746231454872286620e-03
5.777777777777777679e+00 9.041748579627889582e-02
5.783783783783783328e+00 -1.117565260921747211e-01
5.789789789789789864e+00 3.228305133847186176e-02
5.795795795795795513e+00 1.629537688467441736e-01
5.801801801801802050e+00 9.146533700143180678e-02
5.807807807807807698e+00 1.132666919898547842e-01
5.813813813813813347e+00 -2.449207622147917679e-02
5.819819819819819884e+00 -8.574910471428599107e-03
5.825825825825825532e+00 1.013316039472206276e-01
5.831831831831832069e+00 -6.883817835538635910e-02
5.837837837837837718e+00 6.960443920799158635e-02
5.843843843843843366e+00 -8.652532541279413236e-02
5.849849849849849903e+00 -1.171359627631895495e-01
5.855855855855855552e+00 -6.489520057420226917e-04
5.861861861861862089e+00 1.511979307447696985e-01
5.867867867867867737e+00 1.642865304620911571e-01
5.873873873873873386e+00 7.993364320737270101e-02
5.879879879879879923e+00 8.818636857117868877e-02
5.885885885885885571e+00 1.154497228370073153e-01
5.891891891891892108e+00 1.475275815179900030e-01
5.897897897897897757e+00 2.267564140540318657e-03
5.903903903903904293e+00 -7.447616349529839752e-02
5.909909909909909942e+00 -5.281758482836469704e-04
5.915915915915915591e+00 -5.431277895856291560e-02
5.921921921921922127e+00 8.120436691165611176e-02
5.927927927927927776e+00 5.867260570101547057e-02
5.933933933933934313e+00 -1.349440833420313679e-01
5.939939939939939961e+00 1.726970420543813001e-01
5.945945945945945610e+00 7.950455338509471170e-02
5.951951951951952147e+00 -6.254000614687538206e-02
5.957957957957957795e+00 -2.937660960432894597e-02
5.963963963963964332e+00 -2.537742337597239869e-02
5.969969969969969981e+00 4.718930105676683029e-02
5.975975975975975629e+00 8.977696588599268224e-02
5.981981981981982166e+00 2.066881709012080293e-01
5.987987987987987815e+00 1.087242179169172068e-01
5.993993993993994351e+00 2.999743732809210389e-02
6.000000000000000000e+00 1.273128601142732054e-02
